278
93
29 58 79 56 67 8 9 10 5 70 26 3 39 72 1 66 2 56 65 12 51 3 16 40 9 12 9 49 74 56 10 24 62 17 39 80 35 20 21 64 8 34 48 21 66 18 37 45 9 46 8 60 28 1 48 27 9 32 22 52 38 30 58 40 11 37 78 73 53 52 24 32 21 12 52 8 15 2 64 65 60 17 79 14 24 5 55 7 4 16 51 56 21 72 17 48 51 55 20 35 75 58 67 9 78 3 41 44 16 56 51 30 25 17 5 33 55 45 37 13 26 14 78 45 39 24 15 50 54 54 10 62 4 37 69 75 2 55 12 18 68 66 77 68 50 63 74 37 58 27 75 75 44 57 57 19 45 45 4 61 53 66 78 59 65 6 14 54 1 57 31 57 59 50 30 68 54 73 79 42 32 46 8 19 41 49 52 11 6 72 17 65 30 44 66 57 80 11 31 75 44 40 64 49 53 23 54 45 70 50 50 1 41 70 44 4 1 70 45 20 34 71 21 63 51 67 22 24 67 54 38 72 1 52 33 43 35 49 6 63 48 39 5 56 70 20 39 47 69 25 70 14 17 12 16 53 4 7 56 25 25 54 69 48 3 13 50 22 52 32 28 42 54 42 23 65 38 54
40 165
135 232
10 167
194 102
173 78
225 266
83 109
27 275
119 124
112 90
17 29
244 164
61 177
88 57
18 230
152 114
196 147
80 15
276 139
22 169
143 224
120 95
241 97
59 204
131 73
212 121
277 261
176 72
253 237
11 145
125 0
192 93
214 148
269 252
254 101
87 38
273 20
1 195
19 108
134 267
262 161
41 181
70 126
170 136
42 271
250 107
115 150
58 106
138 128
82 12
187 227
2 228
25 33
77 233
85 180
186 179
197 159
35 221
157 200
168 133
272 231
184 91
44 50
190 8
31 178
146 127
256 36
92 243
63 249
45 21
255 162
140 268
52 103
206 155
86 189
4 171
67 172
217 5
74 3
257 23
207 81
51 66
24 149
193 105
188 6
160 116
118 96
270 14
236 156
222 226
163 62
34 71
229 219
