336
116
63 36 69 17 58 61 100 39 45 94 10 12 64 8 30 82 30 83 57 22 6 74 11 71 69 54 37 84 26 2 25 71 36 46 42 7 64 40 68 63 32 29 74 36 5 70 35 95 85 13 8 97 91 27 56 37 46 37 46 61 21 96 7 66 18 51 25 63 18 85 9 6 23 76 63 92 11 80 81 67 51 25 39 23 60 89 22 70 48 87 48 54 62 37 45 84 82 15 78 67 62 58 36 33 57 26 41 94 50 100 20 75 57 77 80 96 58 5 17 75 20 21 59 27 56 17 33 85 67 71 11 38 68 82 48 55 83 4 97 100 7 44 76 38 76 85 46 37 34 56 74 82 65 18 11 26 15 32 86 94 93 2 66 73 42 25 22 56 50 76 50 85 20 27 46 40 21 75 69 17 55 71 80 25 67 14 13 45 67 47 24 53 45 76 46 66 26 75 84 41 59 92 60 46 63 25 49 29 7 9 94 80 53 37 31 7 51 62 36 35 73 81 96 100 45 9 75 19 58 13 92 5 93 55 100 61 35 75 21 6 91 58 48 43 37 71 72 89 23 65 24 25 28 22 93 90 3 46 73 95 45 58 97 72 65 50 73 52 93 39 23 66 67 18 51 89 66 87 73 50 81 95 29 1 12 79 83 12 15 42 73 7 96 18 12 14 57 35 27 51 64 3 89 21 5 65 95 98 8 15 76 5 4 60 76 53 41 90 58 57 55 25 38 81 37 30 35 84 83 96 82 84 72 71 21 7
304 288
194 237
99 331
77 158
172 318
217 65
26 291
267 27
320 38
13 57
91 184
279 249
335 56
85 197
33 209
146 235
164 295
15 223
228 280
150 105
287 200
41 88
333 81
292 271
154 93
247 98
19 132
260 239
87 159
147 30
196 248
191 120
51 47
95 224
14 122
104 274
131 54
178 141
183 305
0 129
40 64
198 71
173 148
214 17
244 212
44 262
310 301
50 3
246 185
328 133
298 73
293 155
75 165
163 96
188 145
86 226
258 307
265 202
18 10
270 302
124 94
25 39
180 182
257 49
74 174
61 327
286 243
166 76
28 23
229 52
323 142
254 222
22 114
9 29
273 70
101 219
100 231
276 332
242 255
32 230
46 264
42 110
317 125
68 161
66 204
109 153
177 232
175 245
211 324
171 277
316 36
278 308
48 111
296 126
190 102
162 115
135 290
97 193
59 7
24 130
143 11
215 203
205 167
119 261
313 140
69 83
181 300
55 170
281 31
252 63
269 325
136 311
238 283
289 138
1 272
218 16
