436
193
7 3 6 8 58 17 55 31 41 4 38 51 53 59 37 10 60 9 27 11 65 38 28 65 15 26 65 30 39 35 62 42 52 68 46 14 25 54 26 3 4 21 30 18 67 6 18 63 18 50 31 28 63 62 17 33 15 32 3 51 60 19 15 43 3 13 53 60 53 43 25 50 68 7 29 44 18 31 25 53 62 4 32 65 34 49 51 8 56 2 23 66 42 10 18 40 31 28 53 24 68 38 27 40 27 67 70 40 59 2 19 32 1 31 27 48 48 58 23 32 22 67 10 25 51 56 37 55 45 5 30 6 69 13 60 8 60 39 29 18 59 32 63 55 35 53 41 55 33 19 15 47 53 3 11 68 62 58 67 4 12 61 35 63 64 46 38 13 58 45 34 48 24 9 7 25 36 47 25 24 51 12 50 14 16 1 68 27 6 11 34 19 34 66 43 13 14 27 42 49 49 70 49 49 46 32 65 26 34 26 51 42 37 35 10 54 38 49 59 6 69 37 67 30 63 23 48 1 18 23 62 29 60 59 16 10 44 63 70 4 26 16 67 37 38 14 35 19 33 17 19 32 39 52 42 42 13 25 44 48 6 16 20 46 20 52 23 37 3 22 67 28 67 11 66 24 36 9 68 11 39 63 35 17 28 41 41 53 15 44 60 8 24 54 42 70 67 31 53 38 63 47 48 57 10 56 40 19 46 69 58 47 15 37 21 48 29 38 48 49 60 64 19 3 45 6 22 63 37 7 32 46 55 38 29 31 15 42 70 50 3 26 1 54 42 7 69 68 51 34 7 67 52 65 69 36 8 17 38 53 14 40 28 6 5 31 61 64 12 47 34 38 23 5 34 10 54 44 56 51 1 30 58 4 29 10 58 2 60 33 25 29 1 1 22 18 61 47 11 59 54 19 27 50 22 23 23 15 62 22 50 15 11 12 24 66 66 18 15 33 2 52 70 62 53 53 69 26 24 68 11 70 70 57 24 45
102 146
169 360
299 323
120 402
312 4
223 247
20 126
208 381
130 190
371 179
320 61
33 183
418 161
1 117
131 276
317 196
77 30
370 237
307 45
343 379
302 238
197 266
300 136
27 163
424 192
259 368
291 279
144 52
382 37
110 213
156 182
255 245
118 42
397 394
337 31
115 280
43 251
88 116
425 433
124 150
89 198
333 393
143 63
184 203
221 414
400 222
361 189
0 231
67 218
395 94
10 311
281 284
25 95
206 420
308 287
419 301
207 356
170 172
428 26
347 9
260 357
96 133
134 175
85 348
58 36
239 426
295 129
78 350
250 72
292 344
112 380
121 21
334 327
168 40
119 193
271 111
17 176
243 349
202 153
410 401
164 335
309 305
140 329
87 24
389 399
342 240
273 123
154 180
165 416
230 233
200 283
210 90
383 249
32 354
330 214
297 145
369 278
404 107
139 18
155 174
235 322
65 199
106 385
359 59
54 181
254 398
262 79
73 83
173 68
325 81
390 391
105 113
286 328
248 228
363 270
3 413
62 387
187 313
364 205
431 157
415 57
362 48
367 75
71 185
171 28
316 290
338 339
64 392
294 97
39 149
194 336
374 341
253 265
195 84
225 158
351 69
34 241
152 244
332 14
269 417
256 56
76 98
51 70
60 177
386 388
137 366
11 132
289 435
215 166
306 128
246 2
148 226
46 275
127 412
50 373
55 252
384 93
372 331
100 242
352 209
220 178
427 408
212 263
358 138
376 201
346 109
324 227
318 375
22 257
217 224
167 122
288 82
16 108
8 296
219 186
23 6
74 345
277 160
298 41
91 429
66 310
229 159
282 216
135 44
407 396
204 104
12 321
409 261
274 378
29 365
340 232
114 80
35 13
