279
110
59 74 66 66 51 27 78 39 70 25 10 10 62 16 70 50 35 62 77 21 56 35 76 73 33 27 37 21 89 20 52 48 28 68 46 66 63 30 62 78 69 3 31 9 18 69 32 46 85 1 66 62 84 41 6 71 27 53 33 5 2 5 27 4 15 88 87 70 56 69 6 42 38 29 4 39 14 87 6 8 6 6 22 78 86 78 5 22 50 6 18 59 78 77 19 22 35 70 67 50 46 56 22 77 4 62 37 59 32 13 45 73 68 67 11 12 23 49 57 13 87 58 10 5 25 46 55 62 8 49 65 59 6 62 8 69 72 54 82 30 70 60 17 59 56 82 43 66 83 55 89 53 85 64 22 73 50 21 24 28 34 56 58 13 65 16 55 79 68 87 71 70 64 60 60 83 57 22 33 82 23 88 30 85 64 41 17 19 44 83 30 13 37 89 62 37 81 60 38 64 38 37 30 23 34 54 67 90 11 6 89 55 58 52 78 19 54 17 47 76 35 60 1 18 76 10 40 46 86 82 74 60 49 17 47 60 16 24 11 78 90 82 73 68 66 83 87 65 56 8 26 18 87 6 56 39 18 11 70 4 19 11 74 60 79 44 19 60 63 72 90 35 73 40 57 21 79 6 43
273 164
150 252
137 243
42 117
13 214
207 125
179 43
68 200
101 29
189 163
141 251
191 143
83 129
216 158
21 28
194 144
86 55
246 78
257 190
27 206
247 10
170 82
153 57
118 131
183 240
219 49
98 156
64 51
213 30
274 124
196 11
126 193
40 81
149 17
199 97
221 162
267 8
80 9
132 182
35 229
195 31
185 14
66 227
47 223
74 167
218 212
136 48
122 166
148 121
173 275
63 134
58 119
33 76
154 244
208 231
160 238
45 272
258 60
278 233
32 1
249 107
155 111
178 242
120 253
133 5
71 93
115 262
103 37
146 139
38 264
25 18
23 142
114 157
112 3
85 228
73 171
192 92
263 22
236 7
138 44
26 12
237 2
188 265
128 235
36 250
147 187
198 84
217 232
61 140
152 204
277 100
105 241
210 109
239 256
209 248
234 174
113 94
4 145
70 53
52 46
184 245
6 175
59 19
276 130
201 15
254 177
165 56
104 224
90 186
203 106
