435
153
4 49 29 20 40 22 5 3 56 3 18 16 26 39 4 42 5 42 4 22 40 8 51 42 22 36 41 23 52 9 27 12 58 24 57 4 34 20 36 21 12 12 60 23 32 53 24 41 3 22 14 41 38 6 19 55 5 9 53 17 6 43 31 50 55 12 47 38 40 26 1 36 15 39 58 4 10 60 2 42 40 46 30 57 12 49 46 8 40 4 60 13 51 11 43 17 44 5 33 29 45 18 34 52 17 42 19 15 58 4 48 39 12 24 18 55 60 54 21 47 38 17 58 14 15 28 31 49 11 44 39 1 37 4 10 41 6 35 31 38 30 26 53 50 47 40 52 38 60 32 35 15 23 6 24 20 11 42 53 30 30 56 15 11 12 50 38 12 47 5 2 47 57 29 33 54 34 48 51 26 43 31 4 24 31 41 37 20 14 50 7 29 1 25 23 58 55 30 16 16 55 37 13 25 20 21 56 55 39 6 36 31 1 19 44 3 59 13 17 36 16 26 60 29 38 23 18 50 9 31 50 13 42 33 27 33 13 54 3 2 24 33 57 18 58 25 32 11 26 22 13 14 49 48 13 6 19 59 4 59 14 49 52 24 41 11 44 41 22 57 21 5 25 53 32 22 55 12 46 36 28 9 59 21 29 3 40 44 23 19 18 46 26 56 44 59 42 18 36 59 34 24 30 54 60 38 40 27 55 60 52 6 5 8 25 6 37 44 59 24 38 49 26 5 54 1 40 60 59 31 60 34 6 17 31 40 19 37 34 45 22 33 34 30 54 57 15 48 4 41 1 25 52 45 22 54 13 31 7 14 12 24 58 34 4 20 23 16 9 17 56 49 57 16 30 22 30 40 35 47 54 40 39 51 30 25 58 21 11 2 21 2 59 27 56 4 30 15 10 53 42 54 24 54 6 55 42 16 21 47 3 39 12 52 51 46 35 59 16 40 20 7 46 34 58 35 30 55 31 52 56 47 35 52 45
146 359
411 199
245 13
38 430
397 398
16 395
292 18
78 57
213 17
306 241
369 278
280 252
179 338
356 277
162 218
29 59
58 402
0 111
309 291
307 366
405 44
289 1
83 427
10 248
189 60
75 310
207 201
231 392
155 403
233 136
186 175
50 259
381 396
35 172
182 140
104 204
377 269
349 274
31 181
109 138
81 328
432 351
3 95
371 434
164 360
412 373
6 84
321 96
19 211
125 327
268 71
296 220
30 358
424 41
131 334
368 128
142 65
151 68
143 228
320 372
255 238
415 117
40 343
160 26
370 281
165 250
267 202
33 364
122 53
290 323
46 82
4 168
254 23
106 354
295 87
385 174
400 294
115 414
394 404
332 190
135 7
93 100
240 167
188 410
270 266
139 113
262 2
219 215
335 242
194 42
107 193
399 86
119 243
283 300
101 126
375 169
315 325
247 425
24 12
326 184
382 317
32 214
170 301
362 236
312 388
393 116
367 318
299 97
163 279
157 229
145 420
206 114
230 333
285 192
173 330
223 161
433 391
361 147
28 134
276 195
331 378
271 21
379 253
144 224
376 216
429 121
187 98
421 329
74 185
15 226
387 110
67 118
36 56
103 20
344 191
66 363
89 352
288 69
212 91
62 431
336 287
208 256
177 203
319 409
150 14
108 401
47 159
45 413
176 43
408 265
152 94
130 225
339 345
