200
0 3 6 6 4 7 2 5 9 9 5 9 2 7 7 10 8 4 1 6 0 10 2 6 9 5 3 4 4 4 0 0 0 5 3 0 6 4 6 1 1 2 9 1 8 7 2 9 5 1 10 6 0 10 5 6 8 9 7 6 5 4 6 2 3 5 2 4 7 6 4 0 0 3 6 7 2 6 6 6 8 8 8 4 9 4 8 5 1 1 0 7 3 0 6 2 9 10 5 3 10 7 6 2 0 7 5 7 5 0 2 5 7 2 7 2 0 0 10 8 1 0 9 1 10 8 6 0 10 4 4 10 2 7 5 9 6 2 2 7 8 9 7 5 5 4 7 10 10 8 7 10 9 9 6 4 5 6 8 5 8 0 9 6 5 8 8 2 4 2 8 5 6 5 0 4 7 0 0 7 2 6 5 2 5 1 10 0 1 6 8 9 3 6 1 0 8 4 7 4
0 182 19
0 2 27
0 163 2
0 40 37
2 9 2
2 16 6
2 44 8
2 51 8
2 172 4
5 123 0
9 78 0
9 79 0
9 80 0
9 197 0
9 184 0
9 83 0
9 84 0
9 156 0
9 86 0
9 12 0
13 75 0
13 194 0
13 77 0
15 158 0
15 141 0
15 58 0
15 99 0
15 60 0
15 155 0
15 177 0
16 88 1
16 89 0
16 45 0
20 102 0
20 124 0
20 125 0
20 122 0
20 11 0
20 107 0
20 108 0
20 117 0
20 110 0
20 150 0
22 112 0
22 30 0
22 175 0
22 103 0
23 133 0
23 160 0
23 118 0
24 137 0
24 32 0
24 48 0
24 19 0
24 148 0
24 115 0
24 192 0
24 126 0
29 85 0
29 157 0
29 56 0
29 159 0
31 28 0
31 26 0
31 164 0
31 154 0
31 96 0
31 167 0
31 168 0
33 8 0
33 46 0
33 190 0
33 176 0
33 119 0
33 105 0
33 142 0
35 186 0
35 193 0
35 188 0
35 189 0
35 114 0
35 191 0
35 18 0
35 187 0
37 70 0
37 136 0
37 138 0
37 132 0
37 66 0
37 173 0
37 116 0
37 74 0
37 144 0
37 128 0
38 50 0
38 130 0
38 97 0
38 53 0
38 54 0
38 55 0
40 24 5
40 121 3
40 37 3
40 27 4
40 162 1
40 29 2
40 82 0
40 31 1
40 120 1
40 33 3
43 73 0
43 179 0
44 91 3
44 92 4
44 93 1
51 94 2
51 95 0
51 131 2
51 52 0
61 145 0
61 195 0
61 149 0
61 36 0
61 198 0
61 87 0
62 171 0
62 71 0
62 111 0
62 140 0
62 67 0
62 68 0
62 181 0
62 25 0
62 64 0
62 72 0
82 109 0
82 1 0
120 166 0
120 170 0
120 63 0
120 34 0
121 127 0
121 169 0
121 47 0
121 101 0
121 178 0
121 7 0
121 42 0
121 76 0
121 135 0
123 81 0
123 3 0
123 65 0
123 183 0
123 113 0
123 185 0
139 41 0
139 134 0
139 199 0
139 17 0
139 90 0
139 174 0
139 129 0
139 106 0
139 49 0
162 161 0
162 147 0
162 69 0
162 6 0
162 143 0
162 151 0
162 152 0
162 153 0
162 104 0
162 180 0
163 20 0
163 21 0
163 22 0
163 23 0
165 35 0
165 61 0
165 146 0
165 59 0
165 39 0
165 4 0
172 98 0
172 57 0
172 100 0
172 196 1
182 5 1
182 165 2
182 139 0
182 38 2
182 15 1
182 10 0
182 62 1
182 43 1
182 13 1
182 14 0
