200
0 6 8 2 9 2 1 4 7 3 10 0 5 9 4 9 8 0 7 7 8 10 4 7 8 8 6 6 5 0 4 8 8 1 4 3 8 2 6 1 7 1 8 2 7 2 1 0 10 5 3 5 6 9 4 6 5 1 5 3 9 7 9 3 6 10 4 2 4 1 3 6 6 1 8 8 1 8 5 2 7 8 0 0 3 0 9 0 0 10 5 8 6 2 2 10 0 9 6 3 0 7 1 2 0 8 1 1 0 8 0 6 7 2 10 1 0 0 8 6 3 1 5 8 7 3 7 3 5 7 3 10 7 4 5 5 1 10 2 4 6 1 4 5 8 6 8 2 10 6 5 10 10 9 3 3 2 5 9 10 5 10 9 2 6 8 4 1 6 4 7 7 8 1 9 4 2 1 3 2 10 8 7 2 7 0 3 10 3 7 5 7 5 4 5 10 6 0 7 5
0 1 38
0 2 28
1 3 6
1 4 2
1 5 0
1 6 8
1 7 7
1 8 7
1 9 4
2 10 3
2 11 2
2 12 2
2 13 4
2 14 4
2 15 0
2 16 1
2 17 0
2 18 3
2 19 0
3 20 1
3 21 1
3 22 0
3 23 0
3 24 0
4 25 0
4 26 0
4 27 1
5 28 0
5 29 0
5 30 0
5 31 0
5 32 0
5 33 0
6 34 0
6 35 1
6 36 0
6 37 1
6 38 0
6 39 0
6 40 0
6 41 0
7 42 1
7 43 2
7 44 0
8 45 0
8 46 0
8 47 1
8 48 0
8 49 0
8 50 0
8 51 0
8 52 0
9 53 0
9 54 0
9 55 0
9 56 0
10 57 0
10 58 0
10 59 0
10 60 0
10 61 0
10 62 0
10 63 0
11 64 0
11 65 0
11 66 0
11 67 0
12 68 0
12 69 0
12 70 0
12 71 0
12 72 0
12 73 0
13 74 0
13 75 0
13 76 0
15 77 0
15 78 0
16 79 0
17 80 0
18 81 0
18 82 0
18 83 0
18 84 0
18 85 0
18 86 0
18 87 0
18 88 0
19 89 0
19 90 0
19 91 0
19 92 0
20 93 0
20 94 0
20 95 0
20 96 0
20 97 0
21 98 0
21 99 0
21 100 0
21 101 0
21 102 0
22 103 0
22 104 0
22 105 0
22 106 0
22 107 0
22 108 0
22 109 0
22 110 0
24 111 0
25 112 0
25 113 0
26 114 0
26 115 0
26 116 0
26 117 0
26 118 0
26 119 0
26 120 0
27 121 0
27 122 0
27 123 0
27 124 0
27 125 0
27 126 0
28 127 0
28 128 0
28 129 0
28 130 0
28 131 0
28 132 0
28 133 0
28 134 0
28 135 0
29 136 0
29 137 0
29 138 0
29 139 0
29 140 0
29 141 0
29 142 0
29 143 0
30 144 0
31 145 0
31 146 0
31 147 0
31 148 0
31 149 0
31 150 0
31 151 0
31 152 0
31 153 0
32 154 0
32 155 0
32 156 0
32 157 0
32 158 0
32 159 0
33 160 0
33 161 0
33 162 0
33 163 0
33 164 0
33 165 0
33 166 0
33 167 0
34 168 0
34 169 0
34 170 0
35 171 0
35 172 0
35 173 0
36 174 0
36 175 0
36 176 0
36 177 0
36 178 0
36 179 0
37 180 0
37 181 0
37 182 0
37 183 0
37 184 0
37 185 0
37 186 0
37 187 0
37 188 0
37 189 0
38 190 0
38 191 0
38 192 0
38 193 0
38 194 0
38 195 0
38 196 0
38 197 0
38 198 0
39 199 0
