100
0 4 5 2 3 3 2 1 6 6 5 4 1 6 0 0 4 7 0 9 2 4 1 5 3 1 9 3 10 0 10 3 8 6 10 5 8 1 9 5 3 6 3 0 4 4 5 10 5 5 3 6 9 8 0 1 5 4 1 7 8 1 7 9 0 4 10 2 2 9 9 8 9 7 5 0 0 3 7 6 1 3 0 9 4 5 8 6 8 4 7 2 3 5 10 8 9 5 3 3
0 1 6
1 2 0
1 3 2
1 4 1
1 5 2
2 6 0
2 7 0
2 8 0
3 9 0
4 10 0
4 11 0
5 12 3
7 13 0
7 14 0
8 15 0
9 16 0
9 17 0
9 18 0
9 19 0
9 20 0
10 21 0
10 22 0
10 23 0
10 24 0
10 25 0
11 26 0
12 27 1
12 28 0
12 29 0
13 30 0
13 31 0
13 32 0
14 33 0
15 34 0
15 35 0
15 36 0
16 37 0
16 38 0
16 39 0
17 40 0
17 41 0
17 42 0
18 43 0
18 44 0
18 45 0
19 46 0
19 47 0
19 48 0
19 49 0
19 50 0
20 51 0
20 52 0
20 53 0
20 54 0
21 55 0
21 56 0
22 57 0
22 58 0
26 59 0
26 60 0
26 61 0
27 62 1
28 63 0
28 64 0
28 65 0
29 66 0
29 67 0
29 68 0
29 69 0
30 70 0
30 71 0
30 72 0
30 73 0
33 74 0
33 75 0
33 76 0
34 77 0
35 78 0
35 79 0
36 80 0
37 81 0
37 82 0
37 83 0
38 84 0
38 85 0
38 86 0
38 87 0
38 88 0
40 89 0
41 90 0
41 91 0
41 92 0
41 93 0
42 94 0
42 95 0
42 96 0
42 97 0
43 98 0
43 99 0
